[mandelbrot]
distortion=1.00000
detail=710
pattern=7
MaxX=-.744039
MinX=-.744040
MaxY=.148022
MinY=.148021
[julia]
Xx=.000000
Yy=.000000
Aa=1.00000
Bb=1.56000
p1=1.90000
p2=2.00000
julia-detail=11
julia-style=1
color_false=81177907
color_true=83014267
colorstep=107
rgb-to-inc=25
fzoom-posx=.000647
fzoom-posye=.000007
fposy=-.183805
fposx=1.08984
fdist=1.20000
