[mandelbrot]
distortion=1.00000000
detail=30
pattern=7
MaxX=1.02000000
MinX=-2.00000000
MaxY=1.40000000
MinY=-1.40000000
[julia]
Xx=.000000000
Yy=.000000000
Aa=.620000000
Bb=.380000000
p1=1.90000000
p2=2.00000000
julia-detail=0
julia-style=64
color_false=77351397
color_true=74136487
colorstep=177
rgb-to-inc=75
fzoom-posx=.423022439
fzoom-posye=.120344709
fposy=.507626927
fposx=1.59394776
fdist=.578703704
