[mandelbrot]
distortion=1.00000
detail=280
pattern=7
MaxX=-.758398
MinX=-.761640
MaxY=.077458
MinY=.073837
[julia]
Xx=1.00000
Yy=1.00000
Aa=.100000
Bb=1.00000
p1=1.90000
p2=2.00000
julia-detail=0
julia-style=1
color_false=67174400
color_true=12709967
colorstep=7
rgb-to-inc=7
fzoom-posx=1.00000
fzoom-posye=1.00000
fposy=.000000
fposx=.000000
fdist=1.20000
