[mandelbrot]
distortion=1.00000000
detail=30
pattern=7
MaxX=1.02000000
MinX=-2.00000000
MaxY=1.40000000
MinY=-1.40000000
[julia]
Xx=1.00000000
Yy=1.00000000
Aa=1.00000000
Bb=.000000000
p1=1.90000000
p2=2.00000000
julia-detail=0
julia-style=64
color_false=70054141
color_true=67419919
colorstep=131
rgb-to-inc=50
fzoom-posx=1.00000000
fzoom-posye=1.00000000
fposy=.000000000
fposx=.000000000
fdist=1.20000000
